698
1
28
583 590
481 789
339 474
864
820
109
251
256 401
18 27
81
450
143 715
688
48
779
23
567
596
416
414 438
493
551
185 817
587 662
607 612
129 386
299
101 525
403 422
90
84 660
646
3
387
128 138
395 490
211
38
269 735
622 795
271 394
265
70
49 150
26 345
458 858
98
140
46 608
171 372
352
761
22
775
441
366 371
718
254
181
546
53 80
198 470
105 226
698 700
5
652
645
35
358
233
350 545
364
375 681
726 853
620 760
756
423
244 513
488
301
272
580 609
106
644
309
536
34
275
87
228
466 511
11
298
19
391
796 957
215 566
209
777
148
245
210
406
8 452
408 492
227 405
897 937
393
225
116 327
92
260
24
125
951
570
241
329
347
893
626
629
523 543
100
74
86 153
307 344
628 630
111
899
239
82 182
353 407
913
320
102 631
632 684
584
412
15 236
257 409
462
190 383
9
60
197
654
460
784
872 884
63
505
302
367
997
290 415
588
4
167
799
453
478 619
45
169 454
208
852
89
300
754
426 581
284
71 861
158 195
50
479
296
166
504
728
202
468
160 740
117 134
376 413
436
196
247
255
855
25
602
29
243 676
770 892
361
277
778
286
78
442
103
294
517 751
554
72 199
368 388
112
130 147
744 841
54 114
972
336 661
200 262
497
230
606
13
485
745
451
803
582 832
704
174
7
614
176
32 51
553 562
724
189
124 494
585 600
876 932
39
135
16
115 475
231 341
281
131 162
83
860
21
203
627
723
499
532
149
802
139
550
30 99
137 670
52 469
121
201
304 572
113
146 242
665 709
463
457
267
692
765 774
61 825
240
216
495 503
411
64 657
382 455
165 264
179
194
467
815
355 392
163 183
37 76
127
217
0 44
636 695
378
432 710
178
279
145
768
542 993
605
964
591
108 947
370
159
126 664
887
559
477
253 331
648
292
512 544
312
173 191
346
280 289
205
77
214 321
381
848
120
638
325
20 285
31 67
456
154
483
221 573
313
335 402
306 703
213
62
576
229
806 808
250 259
332
528 856
152 624
814 838
936
151 482
844
823
184
755
616
75
834 946
908
712
431
14
43
337 424
574
508
539
537 625
986
55 615
617 881
736
316
889
923
323
193
994
141
122
187
675 781
377
232
40 91
831
266 270
863
577 637
283
732
565
192
433
41
170
746
729
812
94 288
219
278
357
317
472
261
924
446
136
17
314
518 894
730
222
514
869
324 365
557
509
561
647
500
906
155 758
611
348
439
311
119 133
390 410
476 578
917
305
56
328
671
776
303
750 840
249 717
592
421
206 238
282
404
782 810
142
362
342
360
473
369
486
95 837
547 686
672
349
319
220
480
604
663
870
653 885
156 172
235
519
634 720
73
743
6 668
678
747
440
719
962
246 965
502
623
397
950
898 901
785
186
276
42
564 773
722
978
489
110
701 801
780
164
287
59 234
716 800
850
487 847
36 263
642
530
274
400
293
555
396
448
107
212
315
506
334
356
933
177
524 571
942
541
465 471
862 879
818 857
771
560
351
258
491
333
430
507
207 461
326
429
558 846
939
526
10 157
538
640
443 705
836
706
888
702
833 928
963
435
268
516
47 797
529 759
757
824 883
791
540
549
161 805
656
621
520
867
767
548 586
354
905
597
33
826
575
970
594
830
273 417
708
886
868 904
595 903
380
687
379
389
816 835
821
921
65 88
2 12
677
144 237
425
374
655
649
531
787
175 330
444 447
322 498
308
641
992
650
673 763
420
811
689 721
804
669
865
679
819
658
866 920
739
340
859
57 579
882 912
204 459
696 714
954
842
610
168 338
896
707
118 291
384 522
434 464
685 794
725
907
851
399 697
682
613
727
693
849
639
880
922
741
764
713
742
533
699 737
827
807
839
556
733
515
569
845
874
766
890
843
822
975
68 85
599 659
501 752
809
711 769
224 484
875
691
667
969
593
180 223
925
694
854
926
527 568
318 521
104 123
734
878
829
58 93
680
987
873 909
772
935
938
998
792
931
971
359 813
786
738
633 635
188 534
895
944
79 252
900
749 798
690
790
976
